A = [1,20;1,30;1,40;1,60;1,70;1,90;1,100;1,120;1,150;1,180]

b=[3.5;7.4;7.1;15.6;11.1;14.9;23.5;27.1;22.1;32.9]
    