n=5

n =

     5

[a,P]=mylu(hilb(n))

a =

   1.0000e+00   5.0000e-01   3.3333e-01   2.5000e-01   2.0000e-01
   5.0000e-01   3.3333e-01   2.5000e-01   2.0000e-01   1.6667e-01
   3.3333e-01   2.5000e-01   2.0000e-01   1.6667e-01   1.4286e-01
   2.5000e-01   2.0000e-01   1.6667e-01   1.4286e-01   1.2500e-01
   2.0000e-01   1.6667e-01   1.4286e-01   1.2500e-01   1.1111e-01


P =

     1     0     0     0     0
     0     1     0     0     0
     0     0     1     0     0
     0     0     0     1     0
     0     0     0     0     1

x=ones(n,1)

x =

     1
     1
     1
     1
     1

b=sum(hilb(n)')'

b =

   2.2833e+00
   1.4500e+00
   1.0929e+00
   8.8452e-01
   7.4563e-01

x=luSolve(a,P,b)

x =

   7.6509e+02
  -1.3947e+04
   5.9309e+04
  -8.8738e+04
   4.3126e+04

for i:5
 for i:5
      
{Error: Unexpected MATLAB operator.
} 
for i=1:5
for i=1:5

for i=1:5
x=luSolve(a,P,b)
end

end

endend
end

x =

   7.6509e+02
  -1.3947e+04
   5.9309e+04
  -8.8738e+04
   4.3126e+04


x =

   7.6509e+02
  -1.3947e+04
   5.9309e+04
  -8.8738e+04
   4.3126e+04


x =

   7.6509e+02
  -1.3947e+04
   5.9309e+04
  -8.8738e+04
   4.3126e+04


x =

   7.6509e+02
  -1.3947e+04
   5.9309e+04
  -8.8738e+04
   4.3126e+04


x =

   7.6509e+02
  -1.3947e+04
   5.9309e+04
  -8.8738e+04
   4.3126e+04


x =

   7.6509e+02
  -1.3947e+04
   5.9309e+04
  -8.8738e+04
   4.3126e+04


x =

   7.6509e+02
  -1.3947e+04
   5.9309e+04
  -8.8738e+04
   4.3126e+04


x =

   7.6509e+02
  -1.3947e+04
   5.9309e+04
  -8.8738e+04
   4.3126e+04


x =

   7.6509e+02
  -1.3947e+04
   5.9309e+04
  -8.8738e+04
   4.3126e+04


x =

   7.6509e+02
  -1.3947e+04
   5.9309e+04
  -8.8738e+04
   4.3126e+04


x =

   7.6509e+02
  -1.3947e+04
   5.9309e+04
  -8.8738e+04
   4.3126e+04


x =

   7.6509e+02
  -1.3947e+04
   5.9309e+04
  -8.8738e+04
   4.3126e+04


x =

   7.6509e+02
  -1.3947e+04
   5.9309e+04
  -8.8738e+04
   4.3126e+04


x =

   7.6509e+02
  -1.3947e+04
   5.9309e+04
  -8.8738e+04
   4.3126e+04


x =

   7.6509e+02
  -1.3947e+04
   5.9309e+04
  -8.8738e+04
   4.3126e+04


x =

   7.6509e+02
  -1.3947e+04
   5.9309e+04
  -8.8738e+04
   4.3126e+04


x =

   7.6509e+02
  -1.3947e+04
   5.9309e+04
  -8.8738e+04
   4.3126e+04


x =

   7.6509e+02
  -1.3947e+04
   5.9309e+04
  -8.8738e+04
   4.3126e+04


x =

   7.6509e+02
  -1.3947e+04
   5.9309e+04
  -8.8738e+04
   4.3126e+04


x =

   7.6509e+02
  -1.3947e+04
   5.9309e+04
  -8.8738e+04
   4.3126e+04


x =

   7.6509e+02
  -1.3947e+04
   5.9309e+04
  -8.8738e+04
   4.3126e+04


x =

   7.6509e+02
  -1.3947e+04
   5.9309e+04
  -8.8738e+04
   4.3126e+04


x =

   7.6509e+02
  -1.3947e+04
   5.9309e+04
  -8.8738e+04
   4.3126e+04


x =

   7.6509e+02
  -1.3947e+04
   5.9309e+04
  -8.8738e+04
   4.3126e+04


x =

   7.6509e+02
  -1.3947e+04
   5.9309e+04
  -8.8738e+04
   4.3126e+04

{Undefined function or variable 'endend'.
} 
x

x =

   7.6509e+02
  -1.3947e+04
   5.9309e+04
  -8.8738e+04
   4.3126e+04

for i=1:5
e=(abs(x(i)-x(i-1)))/x(i)
e=(norm((x(i)-x(i-1)),inf)/norm(x(i),inf)
 e=(norm((x(i)-x(i-1)),inf)/norm(x(i),inf)
                                          
{Error: Expression or statement is incorrect--possibly unbalanced (, {, or [.
} 
e=(norm((x(i)-x(i-1)),inf)/norm(x(i),inf)
 e=(norm((x(i)-x(i-1)),inf)/norm(x(i),inf)
                                          
{Error: Expression or statement is incorrect--possibly unbalanced (, {, or [.
} 
e=(norm((x(i)-x(i-1)),inf)/norm(x(i),inf))

e =

   3.0576e+00

hilbTest
{Error: <a href="matlab: opentoline('C:\Users\Matt\Documents\Google Drive\PHYS 428\Summer 2018\HW 3\coding\hilbTest.m',8,5)">File: hilbTest.m Line: 8 Column: 5
</a>At least one END is missing: the statement may begin here.
} 
hilbTest
{Subscript indices must either be real positive integers or logicals.

Error in <a href="matlab:matlab.internal.language.introspective.errorDocCallback('hilbTest', 'C:\Users\Matt\Documents\Google Drive\PHYS 428\Summer 2018\HW 3\coding\hilbTest.m', 10)" style="font-weight:bold">hilbTest</a> (<a href="matlab: opentoline('C:\Users\Matt\Documents\Google Drive\PHYS 428\Summer 2018\HW 3\coding\hilbTest.m',10,0)">line 10</a>)
        e(i)=x(i)-x(i-1);
} 
hilbTest

e =

     0
     0
     0
     0
     0

{Subscript indices must either be real positive integers or logicals.

Error in <a href="matlab:matlab.internal.language.introspective.errorDocCallback('hilbTest', 'C:\Users\Matt\Documents\Google Drive\PHYS 428\Summer 2018\HW 3\coding\hilbTest.m', 11)" style="font-weight:bold">hilbTest</a> (<a href="matlab: opentoline('C:\Users\Matt\Documents\Google Drive\PHYS 428\Summer 2018\HW 3\coding\hilbTest.m',11,0)">line 11</a>)
        e(i)=x(i)-x(i-1);
} 
hilbTest(a, p, b)
{Attempt to execute SCRIPT hilbTest as a function:
C:\Users\Matt\Documents\Google Drive\PHYS 428\Summer 2018\HW
3\coding\hilbTest.m
} 
hilbTest
{Subscript indices must either be real positive integers or logicals.

Error in <a href="matlab:matlab.internal.language.introspective.errorDocCallback('hilbTest', 'C:\Users\Matt\Documents\Google Drive\PHYS 428\Summer 2018\HW 3\coding\hilbTest.m', 11)" style="font-weight:bold">hilbTest</a> (<a href="matlab: opentoline('C:\Users\Matt\Documents\Google Drive\PHYS 428\Summer 2018\HW 3\coding\hilbTest.m',11,0)">line 11</a>)
        e(i)=x(i)-x(i-1);
} 
hilbTest
{Subscript indices must either be real positive integers or logicals.

Error in <a href="matlab:matlab.internal.language.introspective.errorDocCallback('hilbTest', 'C:\Users\Matt\Documents\Google Drive\PHYS 428\Summer 2018\HW 3\coding\hilbTest.m', 11)" style="font-weight:bold">hilbTest</a> (<a href="matlab: opentoline('C:\Users\Matt\Documents\Google Drive\PHYS 428\Summer 2018\HW 3\coding\hilbTest.m',11,0)">line 11</a>)
        e(i)=x(i)-x(i-1);
} 
hilbTest

relE =

   1.6684e+00


relR =

   1.5641e-01


relE =

   1.9727e+00


relR =

   2.5828e-01


relE =

   1.9044e+00


relR =

   6.2274e-01


relE =

   1.8522e+00


relR =

   7.8333e-01

hilbTest

n =

     5


relE =

   1.6684e+00


relR =

   1.5641e-01


n =

    10


relE =

   1.9727e+00


relR =

   2.5828e-01


n =

    15


relE =

   1.9044e+00


relR =

   6.2274e-01


n =

    20


relE =

   1.8522e+00


relR =

   7.8333e-01

hilbTest

n =

     5


n =

    10


n =

    15


n =

    20

{Error using <a href="matlab:matlab.internal.language.introspective.errorDocCallback('display')" style="font-weight:bold">display</a>
Too many input arguments.

Error in <a href="matlab:matlab.internal.language.introspective.errorDocCallback('hilbTest', 'C:\Users\Matt\Documents\Google Drive\PHYS 428\Summer 2018\HW 3\coding\hilbTest.m', 21)" style="font-weight:bold">hilbTest</a> (<a href="matlab: opentoline('C:\Users\Matt\Documents\Google Drive\PHYS 428\Summer 2018\HW 3\coding\hilbTest.m',21,0)">line 21</a>)
display(r,relE,relR)
} 
hilbTest

n =

     5


n =

    10


n =

    15


n =

    20

{Error using <a href="matlab:matlab.internal.language.introspective.errorDocCallback('display')" style="font-weight:bold">display</a>
Too many input arguments.

Error in <a href="matlab:matlab.internal.language.introspective.errorDocCallback('hilbTest', 'C:\Users\Matt\Documents\Google Drive\PHYS 428\Summer 2018\HW 3\coding\hilbTest.m', 21)" style="font-weight:bold">hilbTest</a> (<a href="matlab: opentoline('C:\Users\Matt\Documents\Google Drive\PHYS 428\Summer 2018\HW 3\coding\hilbTest.m',21,0)">line 21</a>)
display(r,relE,relR)
} 
hilbTest
{Error: <a href="matlab: opentoline('C:\Users\Matt\Documents\Google Drive\PHYS 428\Summer 2018\HW 3\coding\hilbTest.m',21,33)">File: hilbTest.m
Line: 21 Column: 33
</a>Expression or statement is
incorrect--possibly
unbalanced (, {, or [.
} 
hilbTest

n =

     5


n =

    10


n =

    15


n =

    20

hilbTest

n =

     5


n =

    10


n =

    15


